1	0.0
2	0.0
3	0.0
4	0.0
5	0.0
6	0.0
7	0.0
8	0.0
9	0.0
10	0.0
11	0.0
12	0.0
13	0.0
14	0.0
15	0.0
16	0.0
17	0.0
18	0.0
19	0.0
20	0.0
21	0.0
22	0.0
23	0.0
24	0.0
25	0.0
26	0.0
27	0.0
28	0.0
29	0.0
30	0.0
31	0.0
32	0.0
33	0.0
34	0.0
35	0.0
36	0.0
37	0.0
38	0.0
39	0.0
40	0.0
41	0.0
42	0.0
43	0.0
44	0.0
45	0.0
46	0.0
47	0.0
48	0.0
49	0.0
50	0.0
51	0.0
52	0.0
53	0.0
54	0.0
55	0.0
56	0.0
57	0.0
58	0.0
59	0.0
60	0.0
61	0.0
62	0.0
63	0.0
64	0.0
65	0.0
66	0.0
67	0.0
68	0.0
69	0.0
70	0.0
71	0.0
72	0.0
73	0.0
74	0.0
75	0.0
76	0.1
77	0.1
78	0.1
79	0.1
80	0.1
81	0.1
82	0.1
83	0.1
84	0.1
85	0.1
86	0.1
87	0.1
88	0.1
89	0.1
90	0.1
91	0.1
92	0.1
93	0.1
94	0.1
95	0.1
96	0.1
97	0.0
98	0.0
99	0.0
100	0.0
101	0.0
102	0.0
103	0.0
104	0.0
105	0.0
106	0.0
107	0.0
108	0.0
109	0.0
110	0.0
111	0.0
112	0.0
113	0.0
114	0.0
115	0.0
116	0.0
117	0.0
118	0.0
119	0.0
120	0.0
121	0.0
122	0.0
123	0.0
124	0.0
125	0.0
126	0.1
127	0.1
128	0.1
129	0.1
130	0.1
131	0.1
132	0.1
133	0.1
134	0.1
135	0.1
136	0.2
137	0.2
138	0.2
139	0.2
140	0.2
141	0.2
142	0.2
143	0.2
144	0.2
145	0.2
146	0.3
147	0.3
148	0.3
149	0.3
150	0.3
151	0.3
152	0.3
153	0.3
154	0.4
155	0.4
156	0.4
157	0.4
158	0.4
159	0.5
160	0.5
161	0.5
162	0.5
163	0.6
164	0.6
165	0.7
166	0.7
167	0.7
168	0.8
169	0.8
170	0.9
171	0.9
172	0.9
173	1.0
174	1.0
175	1.0
176	1.1
177	1.1
178	1.1
179	1.1
180	1.2
181	1.2
182	1.2
183	1.3
184	1.3
185	1.3
186	1.4
187	1.4
188	1.4
189	1.4
190	1.5
191	1.5
192	1.6
193	1.6
194	1.7
195	1.8
196	1.9
197	1.9
198	2.0
199	2.1
200	2.1
201	2.2
202	2.2
203	2.3
204	2.3
205	2.4
206	2.4
207	2.4
208	2.5
209	2.5
210	2.6
211	2.6
212	2.6
213	2.6
214	2.7
215	2.7
216	2.7
217	2.7
218	2.7
219	2.8
220	2.8
221	2.8
222	2.8
223	2.9
224	2.9
225	2.9
226	3.0
227	3.0
228	3.0
229	3.0
230	3.1
231	3.1
232	3.2
233	3.2
234	3.3
235	3.4
236	3.5
237	3.5
238	3.6
239	3.7
240	3.7
241	3.8
242	3.9
243	4.0
244	4.2
245	4.3
246	4.4
247	4.5
248	4.6
249	4.8
250	4.9
251	5.0
252	5.1
253	5.3
254	5.4
255	5.5
256	5.7
257	5.8
258	5.9
259	6.0
260	6.2
261	6.3
262	6.5
263	6.6
264	6.8
265	6.9
266	7.1
267	7.2
268	7.4
269	7.5
270	7.6
271	7.8
272	7.9
273	8.0
274	8.1
275	8.2
276	8.3
277	8.3
278	8.4
279	8.5
280	8.6
281	8.7
282	8.8
283	8.9
284	9.0
285	9.1
286	9.2
287	9.3
288	9.4
289	9.5
290	9.6
291	9.7
292	10.0
293	10.3
294	10.6
295	10.9
296	11.1
297	11.4
298	11.7
299	12.0
300	12.3
301	12.6
302	12.9
303	13.1
304	13.4
305	13.6
306	13.9
307	14.2
308	14.4
309	14.7
310	14.9
311	15.2
312	15.4
313	15.5
314	15.6
315	15.8
316	16.0
317	16.1
318	16.3
319	16.4
320	16.6
321	16.7
322	16.6
323	16.5
324	16.3
325	16.2
326	16.1
327	16.0
328	15.9
329	15.7
330	15.6
331	15.5
332	15.4
333	15.4
334	15.3
335	15.3
336	15.2
337	15.1
338	15.1
339	15.0
340	15.0
341	14.9
342	14.8
343	14.8
344	14.7
345	14.7
346	14.6
347	14.5
348	14.5
349	14.4
350	14.4
351	14.3
352	14.2
353	14.0
354	13.9
355	13.7
356	13.6
357	13.4
358	13.3
359	13.1
360	13.0
361	12.8
362	12.6
363	12.3
364	12.1
365	11.8
366	11.6
367	11.4
368	11.1
369	10.9
370	10.6
371	10.4
372	10.1
373	9.8
374	9.5
375	9.2
376	8.9
377	8.6
378	8.3
379	8.0
380	7.7
381	7.4
382	7.3
383	7.1
384	7.0
385	6.8
386	6.7
387	6.5
388	6.4
389	6.2
390	6.1
391	5.9
392	5.9
393	5.8
394	5.8
395	5.7
396	5.7
397	5.6
398	5.6
399	5.5
400	5.5
401	5.4
402	5.4
403	5.4
404	5.4
405	5.4
406	5.4
407	5.3
408	5.3
409	5.3
410	5.3
411	5.3
412	5.3
413	5.3
414	5.3
415	5.3
416	5.3
417	5.2
418	5.2
419	5.2
420	5.2
421	5.2
422	5.2
423	5.2
424	5.2
425	5.2
426	5.2
427	5.1
428	5.1
429	5.1
430	5.1
431	5.1
432	5.1
433	5.1
434	5.0
435	5.0
436	5.0
437	5.0
438	5.0
439	4.9
440	4.9
441	4.9
442	4.9
443	4.9
444	4.9
445	4.9
446	5.0
447	5.0
448	5.0
449	5.0
450	5.0
451	5.0
452	5.0
453	5.0
454	5.0
455	5.0
456	5.0
457	4.9
458	4.9
459	4.9
460	4.9
461	4.9
462	4.9
463	4.9
464	4.8
465	4.8
466	4.8
467	4.8
468	4.8
469	4.7
470	4.7
471	4.7
472	4.7
473	4.7
474	4.6
475	4.6
476	4.6
477	4.6
478	4.6
479	4.5
480	4.5
481	4.5
482	4.4
483	4.4
484	4.3
485	4.2
486	4.2
487	4.1
488	4.0
489	3.9
490	3.9
491	3.8
492	3.8
493	3.7
494	3.7
495	3.6
496	3.6
497	3.5
498	3.4
499	3.4
500	3.3
501	3.3
502	3.4
503	3.5
504	3.5
505	3.6
506	3.7
507	3.8
508	3.9
509	3.9
510	4.0
511	4.1
512	4.1
513	4.1
514	4.0
515	4.0
516	4.0
517	4.0
518	4.0
519	3.9
520	3.9
521	3.9
522	3.8
523	3.7
524	3.6
525	3.5
526	3.3
527	3.2
528	3.1
529	3.0
530	2.9
531	2.8
532	2.8
533	2.8
534	2.7
535	2.7
536	2.7
537	2.7
538	2.7
539	2.6
540	2.6
541	2.6
542	2.6
543	2.7
544	2.7
545	2.7
546	2.8
547	2.8
548	2.8
549	2.8
550	2.9
551	2.9
552	2.9
553	2.8
554	2.8
555	2.7
556	2.7
557	2.7
558	2.6
559	2.6
560	2.5
561	2.5
562	2.5
563	2.4
564	2.4
565	2.3
566	2.3
567	2.3
568	2.2
569	2.2
570	2.1
571	2.1
572	2.1
573	2.1
574	2.1
575	2.1
576	2.1
577	2.0
578	2.0
579	2.0
580	2.0
581	2.0
582	2.0
583	1.9
584	1.9
585	1.8
586	1.8
587	1.7
588	1.7
589	1.6
590	1.6
591	1.5
592	1.4
593	1.3
594	1.2
595	1.1
596	1.1
597	1.0
598	0.9
599	0.8
600	0.7
601	0.6
602	0.5
603	0.5
604	0.4
605	0.4
606	0.4
607	0.3
608	0.2
609	0.2
610	0.1
611	0.1
612	0.0
613	-0.1
614	-0.2
615	-0.3
616	-0.5
617	-0.6
618	-0.7
619	-0.8
620	-0.9
621	-1.0
622	-1.1
623	-1.2
624	-1.2
625	-1.3
626	-1.4
627	-1.5
628	-1.6
629	-1.6
630	-1.7
631	-1.8
632	-1.9
633	-1.9
634	-2.0
635	-2.0
636	-2.1
637	-2.2
638	-2.2
639	-2.3
640	-2.3
641	-2.4
642	-2.4
643	-2.5
644	-2.5
645	-2.5
646	-2.6
647	-2.6
648	-2.6
649	-2.6
650	-2.7
651	-2.7
652	-2.7
653	-2.7
654	-2.7
655	-2.7
656	-2.8
657	-2.8
658	-2.8
659	-2.8
660	-2.8
661	-2.8
662	-2.8
663	-2.8
664	-2.8
665	-2.8
666	-2.8
667	-2.9
668	-2.9
669	-2.9
670	-2.9
671	-2.9
672	-2.9
673	-2.9
674	-2.9
675	-2.9
676	-2.9
677	-2.9
678	-2.9
679	-2.9
680	-2.9
681	-2.9
682	-2.9
683	-2.9
684	-2.9
685	-2.9
686	-2.9
687	-2.9
688	-2.9
689	-2.9
690	-2.9
691	-2.9
692	-2.9
693	-2.9
694	-2.9
695	-2.9
696	-2.9
697	-2.9
698	-2.9
699	-2.9
700	-2.9
701	-2.9
702	-2.9
703	-2.9
704	-2.9
705	-2.9
706	-2.9
707	-2.9
708	-2.9
709	-2.9
710	-2.9
711	-2.9
712	-2.9
713	-2.9
714	-2.9
715	-2.9
716	-2.9
717	-2.9
718	-2.9
719	-2.9
720	-2.9
721	-2.9
722	-2.9
723	-2.9
724	-2.9
725	-2.9
726	-2.9
727	-2.9
728	-2.9
729	-2.9
730	-2.9
731	-2.9
732	-2.9
733	-2.9
734	-2.9
735	-2.9
736	-3.0
737	-3.0
738	-3.0
739	-3.0
740	-3.0
741	-3.0
742	-3.0
743	-3.0
744	-3.0
745	-3.0
746	-3.0
747	-2.9
748	-2.9
749	-2.9
750	-2.9
751	-2.9
752	-2.9
753	-2.9
754	-2.9
755	-2.9
756	-2.9
757	-2.9
758	-2.9
759	-2.9
760	-2.9
761	-2.9
762	-2.9
763	-2.9
764	-2.9
765	-2.9
766	-2.9
767	-2.9
768	-2.9
769	-2.9
770	-2.9
771	-2.9
772	-2.9
773	-2.9
774	-2.9
775	-2.9
776	-2.9
777	-2.9
778	-2.9
779	-2.9
780	-2.9
781	-2.9
782	-2.9
783	-2.9
784	-2.9
785	-2.9
786	-2.9
787	-2.9
788	-2.9
789	-2.9
790	-2.9
791	-2.9
792	-2.9
793	-2.9
794	-2.9
795	-2.9
796	-2.9
797	-2.9
798	-2.9
799	-2.9
800	-2.9
801	-2.9
802	-2.9
803	-2.9
804	-2.9
805	-2.9
806	-2.9
807	-2.9
808	-2.9
809	-2.9
810	-2.9
